==================================================
Feature Set: fc, cd, sld, cod, dd, it
==================================================
5
[[ 1  0 12  0  1  0  1  0  0  0  0  0  0  0  0  0  0  0]
 [ 0  0  5  0  0  0  0  0  0  0  0  0  0  0  0  0  2  0]
 [ 4  0 59  0  2  0  2  0  0  0  0  3  0  0  0  0 12  0]
 [ 0  0 11  0  0  0  1  0  0  0  0  2  0  0  0  0  4  0]
 [ 1  0 14  0 11  0  0  0  0  0  0  1  0  0  0  0  0  0]
 [ 0  0  6  0  0  0  0  0  0  0  0  0  0  0  0  0  0  0]
 [ 0  0  6  0  0  0 25  0  0  0  0  0  0  0  0  0  0  0]
 [ 0  0  6  0  0  0  0  0  0  0  0  0  0  0  0  0  2  0]
 [ 0  0  1  0  0  0  0  0  0  0  0  0  0  0  0  0  1  0]
 [ 0  0  2  0  0  0  0  0  0  0  0  0  0  0  0  0  1  0]
 [ 0  0  4  0  0  0  0  0  0  0  0  0  0  0  0  0  4  0]
 [ 0  0  3  0  1  0  0  0  0  0  0  8  0  0  0  0  2  0]
 [ 0  0 14  0  0  0  1  0  0  0  0  0  0  0  0  0  5  0]
 [ 0  0 16  0  0  0  0  0  0  0  0  0  0  0  0  0  0  0]
 [ 0  0  1  0  0  0  0  0  0  0  0  2  0  0  0  0  1  0]
 [ 1  0  0  0  1  0  7  0  0  0  0  0  0  0  0  0  1  0]
 [ 0  0  4  0  0  0  1  0  0  0  0  1  0  0  0  0 25  0]
 [ 0  0  2  0  0  0  0  0  0  0  0  0  0  0  0  0  5  0]]
             precision    recall  f1-score   support

       TYPO       0.14      0.07      0.09        15
      PUNCT       0.00      0.00      0.00         7
      SPACE       0.36      0.72      0.48        82
      SPLIT       0.00      0.00      0.00        18
PARALELLISM       0.69      0.41      0.51        27
 INCOMPLETE       0.00      0.00      0.00         6
        EFF       0.66      0.81      0.72        31
    CAPITAL       0.00      0.00      0.00         8
     ITALIC       0.00      0.00      0.00         2
       ABBR       0.00      0.00      0.00         3
  REDUNDANT       0.00      0.00      0.00         8
       CONJ       0.47      0.57      0.52        14
      TRANS       0.00      0.00      0.00        20
   STANDARD       0.00      0.00      0.00        16
       VERB       0.00      0.00      0.00         4
    PRONOUN       0.00      0.00      0.00        10
       PREP       0.38      0.81      0.52        31
      LOGIC       0.00      0.00      0.00         7

avg / total       0.29      0.42      0.32       309

SVC :
  accuracy: 0.417475728155
	precision: 0.287236195843
	recall: 0.417475728155
	f1: 0.32371885691
	[ 0.31428571  0.42424242  0.44262295  0.43859649  0.49090909]

5
[[ 1  0  8  0  1  0  2  0  0  0  0  3  0  0  0  0  0  0]
 [ 1  0  4  0  0  0  1  0  0  0  0  0  0  0  0  0  1  0]
 [ 5  1 57  0  7  0  4  0  0  0  0  2  0  0  0  0  6  0]
 [ 0  0 11  0  0  0  1  0  0  0  0  5  0  0  0  0  1  0]
 [ 1  0  5  0 14  0  1  0  0  0  0  4  0  0  0  2  0  0]
 [ 0  0  5  0  0  0  0  0  0  0  0  1  0  0  0  0  0  0]
 [ 0  0  2  0  0  0 28  0  0  0  0  0  0  0  1  0  0  0]
 [ 0  0  8  0  0  0  0  0  0  0  0  0  0  0  0  0  0  0]
 [ 0  0  2  0  0  0  0  0  0  0  0  0  0  0  0  0  0  0]
 [ 0  0  3  0  0  0  0  0  0  0  0  0  0  0  0  0  0  0]
 [ 0  0  7  0  0  0  0  0  0  0  0  0  0  0  0  0  1  0]
 [ 0  0  3  0  1  0  0  0  0  0  0  9  0  0  0  0  1  0]
 [ 0  0 17  0  1  0  1  0  0  0  0  1  0  0  0  0  0  0]
 [ 0  0 14  0  1  0  0  0  0  0  0  0  0  0  0  0  1  0]
 [ 0  0  0  0  0  0  0  0  0  0  0  2  0  0  0  1  1  0]
 [ 0  0  0  0  1  0  8  0  0  0  0  0  0  0  0  0  1  0]
 [ 0  0 18  0  0  0  3  0  0  0  0  1  0  0  0  0  9  0]
 [ 0  0  5  0  0  0  0  0  0  0  0  0  0  0  0  0  2  0]]
             precision    recall  f1-score   support

       TYPO       0.12      0.07      0.09        15
      PUNCT       0.00      0.00      0.00         7
      SPACE       0.34      0.70      0.45        82
      SPLIT       0.00      0.00      0.00        18
PARALELLISM       0.54      0.52      0.53        27
 INCOMPLETE       0.00      0.00      0.00         6
        EFF       0.57      0.90      0.70        31
    CAPITAL       0.00      0.00      0.00         8
     ITALIC       0.00      0.00      0.00         2
       ABBR       0.00      0.00      0.00         3
  REDUNDANT       0.00      0.00      0.00         8
       CONJ       0.32      0.64      0.43        14
      TRANS       0.00      0.00      0.00        20
   STANDARD       0.00      0.00      0.00        16
       VERB       0.00      0.00      0.00         4
    PRONOUN       0.00      0.00      0.00        10
       PREP       0.38      0.29      0.33        31
      LOGIC       0.00      0.00      0.00         7

avg / total       0.25      0.38      0.29       309

Linear SVC :
	accuracy: 0.381877022654
	precision: 0.252134472448
	recall: 0.381877022654
	f1: 0.293388288684
	[ 0.3         0.33333333  0.39344262  0.38596491  0.45454545]

5
[[ 1  0  1  0  2  2  1  4  0  0  0  3  0  1  0  0  0  0]
 [ 0  2  0  0  1  2  0  2  0  0  0  0  0  0  0  0  0  0]
 [ 4  2  0  0  3 13  1 11  8 15  0  7  5  0  0  0  0 13]
 [ 0  1  0  0  0  1  1  2  1  3  0  3  0  0  2  0  0  4]
 [ 2  0  0  0  5  0  0  7  1  2  0  5  2  0  2  0  0  1]
 [ 0  0  0  0  0  2  0  1  1  0  0  1  0  0  0  0  0  1]
 [ 0  0  0  0  0  0  4 10  0  0  0  0 13  0  1  0  3  0]
 [ 0  0  0  0  0  0  0  1  0  1  0  1  2  0  0  0  0  3]
 [ 0  0  0  0  0  0  0  0  0  0  0  0  0  0  0  0  0  2]
 [ 0  0  0  0  0  0  0  0  1  0  0  0  0  0  0  0  0  2]
 [ 0  0  0  0  1  0  0  1  2  0  0  0  0  1  0  0  0  3]
 [ 0  0  0  0  1  0  0  0  1  0  0  8  0  0  3  0  0  1]
 [ 0  0  0  0  0  0  0  3  4  5  0  1  0  0  0  0  0  7]
 [ 0  1  1  0  0  0  0  0  3  6  0  0  0  1  0  0  0  4]
 [ 0  0  0  0  0  0  1  0  1  0  0  2  0  0  0  0  0  0]
 [ 0  0  0  0  0  0  0  3  1  0  1  0  3  0  1  0  1  0]
 [ 0  5  0  0  0  0  2  1  4  0  0  2  0  1  0  0  0 16]
 [ 0  0  0  0  0  0  0  0  3  0  0  0  0  1  0  0  0  3]]
             precision    recall  f1-score   support

       TYPO       0.14      0.07      0.09        15
      PUNCT       0.18      0.29      0.22         7
      SPACE       0.00      0.00      0.00        82
      SPLIT       0.00      0.00      0.00        18
PARALELLISM       0.38      0.19      0.25        27
 INCOMPLETE       0.10      0.33      0.15         6
        EFF       0.40      0.13      0.20        31
    CAPITAL       0.02      0.12      0.04         8
     ITALIC       0.00      0.00      0.00         2
       ABBR       0.00      0.00      0.00         3
  REDUNDANT       0.00      0.00      0.00         8
       CONJ       0.24      0.57      0.34        14
      TRANS       0.00      0.00      0.00        20
   STANDARD       0.20      0.06      0.10        16
       VERB       0.00      0.00      0.00         4
    PRONOUN       0.00      0.00      0.00        10
       PREP       0.00      0.00      0.00        31
      LOGIC       0.05      0.43      0.09         7

avg / total       0.11      0.09      0.08       309

Naive Bayes :
	accuracy: 0.0873786407767
	precision: 0.109767159345
	recall: 0.0873786407767
	f1: 0.0771973406752
	[ 0.08571429  0.06060606  0.08196721  0.0877193   0.12727273]

5
[[ 2  0  7  0  1  0  2  0  0  0  0  3  0  0  0  0  0  0]
 [ 0  0  6  0  0  0  0  0  0  0  0  0  0  0  0  0  1  0]
 [ 6  0 57  0  7  0  4  0  0  0  0  2  0  0  0  0  6  0]
 [ 0  0 16  0  0  0  1  0  0  0  0  0  0  0  0  0  1  0]
 [ 2  0 11  0 13  0  1  0  0  0  0  0  0  0  0  0  0  0]
 [ 0  0  6  0  0  0  0  0  0  0  0  0  0  0  0  0  0  0]
 [ 1  0  3  0  0  0 27  0  0  0  0  0  0  0  0  0  0  0]
 [ 0  0  8  0  0  0  0  0  0  0  0  0  0  0  0  0  0  0]
 [ 0  0  2  0  0  0  0  0  0  0  0  0  0  0  0  0  0  0]
 [ 0  0  3  0  0  0  0  0  0  0  0  0  0  0  0  0  0  0]
 [ 0  0  7  0  0  0  0  0  0  0  0  0  0  0  0  0  1  0]
 [ 0  0  7  0  0  0  0  0  0  0  0  6  0  0  0  0  1  0]
 [ 0  0 17  0  1  0  1  0  0  0  0  1  0  0  0  0  0  0]
 [ 0  0 14  0  1  0  0  0  0  0  0  0  0  0  0  0  1  0]
 [ 0  0  0  0  1  0  0  0  0  0  0  2  0  0  0  0  1  0]
 [ 0  0  1  0  1  0  7  0  0  0  0  0  0  0  0  0  1  0]
 [ 0  0 19  0  0  0  2  0  0  0  0  1  0  0  0  0  9  0]
 [ 0  0  5  0  0  0  0  0  0  0  0  0  0  0  0  0  2  0]]
             precision    recall  f1-score   support

       TYPO       0.18      0.13      0.15        15
      PUNCT       0.00      0.00      0.00         7
      SPACE       0.30      0.70      0.42        82
      SPLIT       0.00      0.00      0.00        18
PARALELLISM       0.52      0.48      0.50        27
 INCOMPLETE       0.00      0.00      0.00         6
        EFF       0.60      0.87      0.71        31
    CAPITAL       0.00      0.00      0.00         8
     ITALIC       0.00      0.00      0.00         2
       ABBR       0.00      0.00      0.00         3
  REDUNDANT       0.00      0.00      0.00         8
       CONJ       0.40      0.43      0.41        14
      TRANS       0.00      0.00      0.00        20
   STANDARD       0.00      0.00      0.00        16
       VERB       0.00      0.00      0.00         4
    PRONOUN       0.00      0.00      0.00        10
       PREP       0.38      0.29      0.33        31
      LOGIC       0.00      0.00      0.00         7

avg / total       0.25      0.37      0.29       309

Logistic Regression :
	accuracy: 0.368932038835
	precision: 0.250234406011
	recall: 0.368932038835
	f1: 0.285653822122
	[ 0.32857143  0.33333333  0.39344262  0.35087719  0.45454545]

5
[[ 1  1  9  0  0  0  1  0  0  0  0  2  0  0  0  0  1  0]
 [ 1  1  2  0  0  1  1  0  0  0  0  0  0  0  0  0  1  0]
 [19  0 19  1  8  3  2  2  0  0  0  0  2 10  0  2 14  0]
 [ 1  1  5  0  0  0  1  0  0  0  0  1  1  4  0  0  4  0]
 [ 1  0  9  1 10  1  0  0  0  0  0  2  1  2  0  0  0  0]
 [ 0  2  2  0  0  0  0  0  0  0  0  0  0  2  0  0  0  0]
 [ 1  0  4  0  0  0 26  0  0  0  0  0  0  0  0  0  0  0]
 [ 0  0  5  0  0  0  1  0  0  0  0  0  0  0  0  0  2  0]
 [ 0  0  0  0  0  0  0  0  0  0  0  0  0  1  0  0  1  0]
 [ 0  0  0  0  0  0  0  0  0  0  0  0  0  2  0  0  1  0]
 [ 0  1  0  0  0  0  0  0  0  0  0  0  0  2  0  1  4  0]
 [ 0  0  1  1  1  0  0  0  0  0  0  9  0  0  0  0  2  0]
 [ 0  0  7  1  1  0  0  0  0  0  0  0  0  6  0  0  5  0]
 [ 0  0  1  0  0  0  0  0  0  0  0  0  0 14  0  0  1  0]
 [ 0  0  0  0  0  0  0  0  0  0  0  2  1  0  0  0  1  0]
 [ 1  0  0  0  1  0  5  0  0  0  0  0  0  0  0  2  1  0]
 [ 0  1  1  0  0  0  2  0  0  0  0  1  0  1  0  0 25  0]
 [ 0  0  0  0  0  0  0  0  0  0  0  0  0  2  0  0  5  0]]
             precision    recall  f1-score   support

       TYPO       0.04      0.07      0.05        15
      PUNCT       0.14      0.14      0.14         7
      SPACE       0.29      0.23      0.26        82
      SPLIT       0.00      0.00      0.00        18
PARALELLISM       0.48      0.37      0.42        27
 INCOMPLETE       0.00      0.00      0.00         6
        EFF       0.67      0.84      0.74        31
    CAPITAL       0.00      0.00      0.00         8
     ITALIC       0.00      0.00      0.00         2
       ABBR       0.00      0.00      0.00         3
  REDUNDANT       0.00      0.00      0.00         8
       CONJ       0.53      0.64      0.58        14
      TRANS       0.00      0.00      0.00        20
   STANDARD       0.30      0.88      0.45        16
       VERB       0.00      0.00      0.00         4
    PRONOUN       0.40      0.20      0.27        10
       PREP       0.37      0.81      0.51        31
      LOGIC       0.00      0.00      0.00         7

avg / total       0.28      0.35      0.29       309

Random Forest :
	accuracy: 0.346278317152
	precision: 0.280813686213
	recall: 0.346278317152
	f1: 0.294187447809
	[ 0.31428571  0.33333333  0.40983607  0.36842105  0.38181818]

